
DETFuelPower = [
    1    1    1    1     1     1     1    1    1    1  4.63912E+04 0.00058 
    2    1    2    1     1     1     1    1    1    1  4.81534E+04 0.00055 
    3    1    3    1     1     1     1    1    1    1  5.63468E+04 0.00051 
    4    1    4    1     1     1     1    1    1    1  6.44885E+04 0.00044 
    5    1    5    1     1     1     1    1    1    1  7.20787E+04 0.00042 
    6    1    6    1     1     1     1    1    1    1  7.88230E+04 0.00039 
    7    1    7    1     1     1     1    1    1    1  8.48082E+04 0.00038 
    8    1    8    1     1     1     1    1    1    1  9.00070E+04 0.00036 
    9    1    9    1     1     1     1    1    1    1  9.43061E+04 0.00037 
   10    1   10    1     1     1     1    1    1    1  9.76745E+04 0.00036 
   11    1   11    1     1     1     1    1    1    1  1.00239E+05 0.00031 
   12    1   12    1     1     1     1    1    1    1  1.01849E+05 0.00032 
   13    1   13    1     1     1     1    1    1    1  1.02600E+05 0.00032 
   14    1   14    1     1     1     1    1    1    1  1.02521E+05 0.00035 
   15    1   15    1     1     1     1    1    1    1  1.01608E+05 0.00034 
   16    1   16    1     1     1     1    1    1    1  9.98592E+04 0.00034 
   17    1   17    1     1     1     1    1    1    1  9.73715E+04 0.00033 
   18    1   18    1     1     1     1    1    1    1  9.41730E+04 0.00035 
   19    1   19    1     1     1     1    1    1    1  9.03544E+04 0.00039 
   20    1   20    1     1     1     1    1    1    1  8.57569E+04 0.00039 
   21    1   21    1     1     1     1    1    1    1  8.06266E+04 0.00038 
   22    1   22    1     1     1     1    1    1    1  7.48871E+04 0.00040 
   23    1   23    1     1     1     1    1    1    1  6.86402E+04 0.00041 
   24    1   24    1     1     1     1    1    1    1  6.19512E+04 0.00049 
   25    1   25    1     1     1     1    1    1    1  5.47015E+04 0.00053 
   26    1   26    1     1     1     1    1    1    1  4.70674E+04 0.00050 
   27    1   27    1     1     1     1    1    1    1  3.90352E+04 0.00057 
   28    1   28    1     1     1     1    1    1    1  3.04849E+04 0.00067 
   29    1   29    1     1     1     1    1    1    1  2.13476E+04 0.00080 
   30    1   30    1     1     1     1    1    1    1  1.10887E+04 0.00108 
];


DETZrHPower = [
    1    1    1    1     1     1     1    1    1    1  1.01332E+03 0.00061 
    2    1    2    1     1     1     1    1    1    1  1.32841E+03 0.00050 
    3    1    3    1     1     1     1    1    1    1  1.59817E+03 0.00046 
    4    1    4    1     1     1     1    1    1    1  1.84503E+03 0.00045 
    5    1    5    1     1     1     1    1    1    1  2.06756E+03 0.00045 
    6    1    6    1     1     1     1    1    1    1  2.26916E+03 0.00039 
    7    1    7    1     1     1     1    1    1    1  2.44640E+03 0.00038 
    8    1    8    1     1     1     1    1    1    1  2.60018E+03 0.00036 
    9    1    9    1     1     1     1    1    1    1  2.72670E+03 0.00036 
   10    1   10    1     1     1     1    1    1    1  2.83011E+03 0.00034 
   11    1   11    1     1     1     1    1    1    1  2.90783E+03 0.00035 
   12    1   12    1     1     1     1    1    1    1  2.96092E+03 0.00030 
   13    1   13    1     1     1     1    1    1    1  2.98655E+03 0.00034 
   14    1   14    1     1     1     1    1    1    1  2.99006E+03 0.00032 
   15    1   15    1     1     1     1    1    1    1  2.96920E+03 0.00033 
   16    1   16    1     1     1     1    1    1    1  2.92422E+03 0.00033 
   17    1   17    1     1     1     1    1    1    1  2.85686E+03 0.00036 
   18    1   18    1     1     1     1    1    1    1  2.76969E+03 0.00037 
   19    1   19    1     1     1     1    1    1    1  2.66256E+03 0.00035 
   20    1   20    1     1     1     1    1    1    1  2.53445E+03 0.00039 
   21    1   21    1     1     1     1    1    1    1  2.39001E+03 0.00037 
   22    1   22    1     1     1     1    1    1    1  2.22440E+03 0.00039 
   23    1   23    1     1     1     1    1    1    1  2.04379E+03 0.00043 
   24    1   24    1     1     1     1    1    1    1  1.85035E+03 0.00046 
   25    1   25    1     1     1     1    1    1    1  1.64070E+03 0.00049 
   26    1   26    1     1     1     1    1    1    1  1.41905E+03 0.00054 
   27    1   27    1     1     1     1    1    1    1  1.18617E+03 0.00058 
   28    1   28    1     1     1     1    1    1    1  9.42287E+02 0.00069 
   29    1   29    1     1     1     1    1    1    1  6.91776E+02 0.00080 
   30    1   30    1     1     1     1    1    1    1  4.39960E+02 0.00100 
];


DETSlevPower = [
    1    1    1    1     1     1     1    1    1    1  5.59719E+01 0.00066 
    2    1    2    1     1     1     1    1    1    1  7.33739E+01 0.00056 
    3    1    3    1     1     1     1    1    1    1  8.82076E+01 0.00051 
    4    1    4    1     1     1     1    1    1    1  1.01822E+02 0.00051 
    5    1    5    1     1     1     1    1    1    1  1.14062E+02 0.00048 
    6    1    6    1     1     1     1    1    1    1  1.25166E+02 0.00042 
    7    1    7    1     1     1     1    1    1    1  1.34932E+02 0.00043 
    8    1    8    1     1     1     1    1    1    1  1.43378E+02 0.00039 
    9    1    9    1     1     1     1    1    1    1  1.50356E+02 0.00039 
   10    1   10    1     1     1     1    1    1    1  1.56026E+02 0.00038 
   11    1   11    1     1     1     1    1    1    1  1.60315E+02 0.00039 
   12    1   12    1     1     1     1    1    1    1  1.63212E+02 0.00033 
   13    1   13    1     1     1     1    1    1    1  1.64605E+02 0.00037 
   14    1   14    1     1     1     1    1    1    1  1.64855E+02 0.00034 
   15    1   15    1     1     1     1    1    1    1  1.63660E+02 0.00037 
   16    1   16    1     1     1     1    1    1    1  1.61209E+02 0.00038 
   17    1   17    1     1     1     1    1    1    1  1.57511E+02 0.00040 
   18    1   18    1     1     1     1    1    1    1  1.52718E+02 0.00042 
   19    1   19    1     1     1     1    1    1    1  1.46798E+02 0.00040 
   20    1   20    1     1     1     1    1    1    1  1.39754E+02 0.00045 
   21    1   21    1     1     1     1    1    1    1  1.31808E+02 0.00041 
   22    1   22    1     1     1     1    1    1    1  1.22685E+02 0.00043 
   23    1   23    1     1     1     1    1    1    1  1.12692E+02 0.00048 
   24    1   24    1     1     1     1    1    1    1  1.02019E+02 0.00049 
   25    1   25    1     1     1     1    1    1    1  9.04835E+01 0.00055 
   26    1   26    1     1     1     1    1    1    1  7.82835E+01 0.00055 
   27    1   27    1     1     1     1    1    1    1  6.54591E+01 0.00062 
   28    1   28    1     1     1     1    1    1    1  5.20301E+01 0.00076 
   29    1   29    1     1     1     1    1    1    1  3.82220E+01 0.00087 
   30    1   30    1     1     1     1    1    1    1  2.43486E+01 0.00112 
];


