
ZAI = [
541350
922340
922350
942390
666
0
];

NAMES = [
'Xe135           '
'U234            '
'U235            '
'Pu239           '
'lost            '
'total           '
];

i541350 = 1; iXe135            = 1;
i922340 = 2; iU234             = 2;
i922350 = 3; iU235             = 3;
i942390 = 4; iPu239            = 4;
iLOST    = 5;
iTOT     = 6;

MAT_Fuel_VOLUME = [ 1.39079E+02 1.39079E+02 1.39079E+02 1.39079E+02 ];

MAT_Fuel_BURNUP = [ 0.00000E+00 1.00006E-01 1.00006E+00 2.00011E+00 ];

MAT_Fuel_ADENS = [
0.00000E+00 1.40748E-08 1.52182E-08 1.62205E-08 % Xe135
0.00000E+00 3.34908E-10 3.31284E-09 6.59369E-09 % U234
8.15077E-04 8.12294E-04 7.87664E-04 7.62118E-04 % U235
0.00000E+00 7.88538E-07 2.22911E-05 4.60056E-05 % Pu239
0.00000E+00 2.79409E-13 2.84165E-12 5.73522E-12 % lost data
6.90122E-02 6.90146E-02 6.90364E-02 6.90608E-02 % total
];

MAT_Fuel_MDENS = [
0.00000E+00 3.15306E-06 3.40920E-06 3.63375E-06 % Xe135
0.00000E+00 1.30159E-07 1.28750E-06 2.56257E-06 % U234
3.18129E-01 3.17043E-01 3.07430E-01 2.97459E-01 % U235
0.00000E+00 3.13020E-04 8.84873E-03 1.82625E-02 % Pu239
0.00000E+00 0.00000E+00 0.00000E+00 0.00000E+00 % lost data
1.03114E+01 1.03114E+01 1.03113E+01 1.03113E+01 % total
];

MAT_Fuel_A = [
0.00000E+00 4.12364E+13 4.45862E+13 4.75230E+13 % Xe135
0.00000E+00 4.16733E+03 4.12223E+04 8.20465E+04 % U234
3.53680E+06 3.52472E+06 3.41784E+06 3.30699E+06 % U235
0.00000E+00 9.99100E+07 2.82435E+09 5.82904E+09 % Pu239
0.00000E+00 0.00000E+00 0.00000E+00 0.00000E+00 % lost data
1.87076E+07 9.75365E+15 1.15053E+16 1.17097E+16 % total
];

MAT_Fuel_H = [
0.00000E+00 3.71753E+00 4.01952E+00 4.28427E+00 % Xe135
0.00000E+00 3.24076E-09 3.20569E-08 6.38042E-08 % U234
2.61379E-06 2.60486E-06 2.52588E-06 2.44396E-06 % U235
0.00000E+00 8.38989E-05 2.37173E-03 4.89490E-03 % Pu239
0.00000E+00 0.00000E+00 0.00000E+00 0.00000E+00 % lost data
1.30054E-05 3.08001E+03 3.29682E+03 3.29381E+03 % total
];

MAT_Fuel_SF = [
0.00000E+00 0.00000E+00 0.00000E+00 0.00000E+00 % Xe135
0.00000E+00 7.08446E-08 7.00779E-07 1.39479E-06 % U234
2.54649E-04 2.53780E-04 2.46085E-04 2.38104E-04 % U235
0.00000E+00 3.09721E-04 8.75548E-03 1.80700E-02 % Pu239
0.00000E+00 0.00000E+00 0.00000E+00 0.00000E+00 % lost data
8.28326E+02 8.28305E+02 8.39558E+02 8.74991E+02 % total
];

MAT_Fuel_GSRC = [
0.00000E+00 4.10421E+13 4.43761E+13 4.72990E+13 % Xe135
0.00000E+00 4.16331E+02 4.11826E+03 8.19674E+03 % U234
4.29770E+06 4.28302E+06 4.15315E+06 4.01846E+06 % U235
0.00000E+00 4.38424E+06 1.23938E+08 2.55789E+08 % Pu239
0.00000E+00 0.00000E+00 0.00000E+00 0.00000E+00 % lost data
5.40073E+06 8.34781E+15 1.05156E+16 1.06807E+16 % total
];

MAT_Fuel_ING_TOX = [
0.00000E+00 0.00000E+00 0.00000E+00 0.00000E+00 % Xe135
0.00000E+00 2.04199E-04 2.01989E-03 4.02028E-03 % U234
1.66229E-01 1.65662E-01 1.60639E-01 1.55429E-01 % U235
0.00000E+00 2.49775E+01 7.06087E+02 1.45726E+03 % Pu239
0.00000E+00 0.00000E+00 0.00000E+00 0.00000E+00 % lost data
8.48915E-01 2.26539E+06 4.49869E+06 4.90090E+06 % total
];

MAT_Fuel_INH_TOX = [
0.00000E+00 0.00000E+00 0.00000E+00 0.00000E+00 % Xe135
0.00000E+00 3.91729E-02 3.87490E-01 7.71237E-01 % U234
3.00628E+01 2.99601E+01 2.90517E+01 2.81095E+01 % U235
0.00000E+00 1.19892E+04 3.38922E+05 6.99484E+05 % Pu239
0.00000E+00 0.00000E+00 0.00000E+00 0.00000E+00 % lost data
1.51429E+02 1.78054E+06 4.91652E+06 6.53873E+06 % total
];

TOT_VOLUME = [ 1.39079E+02 1.39079E+02 1.39079E+02 1.39079E+02 ];

TOT_BURNUP = [ 0.00000E+00 1.00006E-01 1.00006E+00 2.00011E+00 ];

TOT_ADENS = [
0.00000E+00 1.40748E-08 1.52182E-08 1.62205E-08 % Xe135
0.00000E+00 3.34908E-10 3.31284E-09 6.59369E-09 % U234
8.15077E-04 8.12294E-04 7.87664E-04 7.62118E-04 % U235
0.00000E+00 7.88538E-07 2.22911E-05 4.60056E-05 % Pu239
0.00000E+00 2.79409E-13 2.84165E-12 5.73522E-12 % lost data
6.90122E-02 6.90146E-02 6.90364E-02 6.90608E-02 % total
];

TOT_MASS = [
0.00000E+00 4.38525E-04 4.74149E-04 5.05379E-04 % Xe135
0.00000E+00 1.81024E-05 1.79065E-04 3.56400E-04 % U234
4.42451E+01 4.40941E+01 4.27570E+01 4.13703E+01 % U235
0.00000E+00 4.35344E-02 1.23067E+00 2.53993E+00 % Pu239
0.00000E+00 0.00000E+00 0.00000E+00 0.00000E+00 % lost data
1.43410E+03 1.43410E+03 1.43409E+03 1.43408E+03 % total
];

TOT_A = [
0.00000E+00 4.12364E+13 4.45862E+13 4.75230E+13 % Xe135
0.00000E+00 4.16733E+03 4.12223E+04 8.20465E+04 % U234
3.53680E+06 3.52472E+06 3.41784E+06 3.30699E+06 % U235
0.00000E+00 9.99100E+07 2.82435E+09 5.82904E+09 % Pu239
0.00000E+00 0.00000E+00 0.00000E+00 0.00000E+00 % lost data
1.87076E+07 9.75365E+15 1.15053E+16 1.17097E+16 % total
];

TOT_H = [
0.00000E+00 3.71753E+00 4.01952E+00 4.28427E+00 % Xe135
0.00000E+00 3.24076E-09 3.20569E-08 6.38042E-08 % U234
2.61379E-06 2.60486E-06 2.52588E-06 2.44396E-06 % U235
0.00000E+00 8.38989E-05 2.37173E-03 4.89490E-03 % Pu239
0.00000E+00 0.00000E+00 0.00000E+00 0.00000E+00 % lost data
1.30054E-05 3.08001E+03 3.29682E+03 3.29381E+03 % total
];

TOT_SF = [
0.00000E+00 0.00000E+00 0.00000E+00 0.00000E+00 % Xe135
0.00000E+00 7.08446E-08 7.00779E-07 1.39479E-06 % U234
2.54649E-04 2.53780E-04 2.46085E-04 2.38104E-04 % U235
0.00000E+00 3.09721E-04 8.75548E-03 1.80700E-02 % Pu239
0.00000E+00 0.00000E+00 0.00000E+00 0.00000E+00 % lost data
8.28326E+02 8.28305E+02 8.39558E+02 8.74991E+02 % total
];

TOT_GSRC = [
0.00000E+00 4.10421E+13 4.43761E+13 4.72990E+13 % Xe135
0.00000E+00 4.16331E+02 4.11826E+03 8.19674E+03 % U234
4.29770E+06 4.28302E+06 4.15315E+06 4.01846E+06 % U235
0.00000E+00 4.38424E+06 1.23938E+08 2.55789E+08 % Pu239
0.00000E+00 0.00000E+00 0.00000E+00 0.00000E+00 % lost data
5.40073E+06 8.34781E+15 1.05156E+16 1.06807E+16 % total
];

TOT_ING_TOX = [
0.00000E+00 0.00000E+00 0.00000E+00 0.00000E+00 % Xe135
0.00000E+00 2.04199E-04 2.01989E-03 4.02028E-03 % U234
1.66229E-01 1.65662E-01 1.60639E-01 1.55429E-01 % U235
0.00000E+00 2.49775E+01 7.06087E+02 1.45726E+03 % Pu239
0.00000E+00 0.00000E+00 0.00000E+00 0.00000E+00 % lost data
8.48915E-01 2.26539E+06 4.49869E+06 4.90090E+06 % total
];

TOT_INH_TOX = [
0.00000E+00 0.00000E+00 0.00000E+00 0.00000E+00 % Xe135
0.00000E+00 3.91729E-02 3.87490E-01 7.71237E-01 % U234
3.00628E+01 2.99601E+01 2.90517E+01 2.81095E+01 % U235
0.00000E+00 1.19892E+04 3.38922E+05 6.99484E+05 % Pu239
0.00000E+00 0.00000E+00 0.00000E+00 0.00000E+00 % lost data
1.51429E+02 1.78054E+06 4.91652E+06 6.53873E+06 % total
];

BU = [ 0.00000E+00 1.00000E-01 1.00000E+00 2.00000E+00 ];

DAYS = [ 0.00000E+00 2.62958E+00 2.62958E+01 5.25917E+01 ];
